Function A: ADD 946
Function B: MULTIPLY 87
Function C: RAISE TO THE POWER OF 3

5533
7497
3652
3872
8355
1132
9273
9943
8089
3511
3742
4114
4317
3508
1474
3279
2892
4447
6097
5745
2331
5159
4862
7682
5893
7848
7218
5562
9027
4963
5632
3178
4119
6721
5642
1295
3591
3255
2690
4948
4406
8239
3993
7435
6254
1050
7569
8742
7588
3525
3567
5707
8025
3553
7498
1634
5899
3347
5724
4275
9875
9474
7614
8065
9753
2315
1973
1738
9032
2385
9861
1043
5170
2082
7372
5573
4036
5857
9481
5530
2315
9469
6908
7131
1416
5438
5220
1379
6383
3455
6316
5211
3034
1880
3960
6628
5276
3771
3248
1047
9553